95
70 519 171 354 265 503 277 505 649 340 591 409 482 663 373 490 583 271 416 2147483647 161 761 305 486 155 250 536 455 887 403 561 626 623 460 660 325 445 158 70 704 386 133 210 652 378 510 596 302 560 709 401 268 586 353 363 767 410 213 675 569 555 697 275 730 699 706 391 322 70 204 35 501 123 112 483 590 432 500 520 635 485 539 523 379 612 442 387 280 311 250 463 497 489 469 522
519 224 443 867 778 1016 759 112 1008 201 977 795 985 344 703 642 668 417 675 2147483647 358 618 542 685 412 763 236 282 753 892 920 890 822 949 517 464 422 671 455 927 363 615 673 578 300 806 819 765 505 406 118 251 443 273 188 633 330 386 156 135 350 189 547 994 963 1092 423 433 556 363 484 405 642 606 218 216 167 215 605 127 871 866 1036 882 639 527 586 342 275 434 198 207 217 204 182
171 443 114 517 428 666 321 429 578 242 534 352 547 492 260 319 412 100 245 2147483647 237 590 134 315 305 362 375 294 716 454 490 520 452 511 489 154 274 321 220 557 215 177 230 481 217 376 449 322 389 538 325 344 415 480 395 596 537 57 599 426 384 554 104 624 593 649 541 472 208 345 136 330 294 283 340 429 289 357 349 492 428 436 611 444 441 271 216 421 168 400 320 354 346 326 379
354 867 517 178 89 149 247 853 508 688 426 444 236 1009 501 768 904 617 581 2147483647 509 1107 592 686 509 206 884 803 1233 217 520 600 781 274 1006 671 791 196 424 711 732 340 338 998 726 556 642 358 906 1055 749 616 932 707 711 1113 764 561 1023 917 901 1045 464 704 671 541 745 676 311 558 383 847 254 304 831 938 780 848 866 983 491 568 169 172 958 788 670 634 659 604 811 845 837 817 870
265 778 428 89 178 238 201 764 597 599 515 445 325 920 455 710 840 528 535 2147483647 420 1018 525 644 420 160 795 714 1144 306 597 662 781 363 917 582 702 107 335 751 643 251 292 909 637 557 643 338 817 966 660 527 843 618 622 1024 675 472 934 828 812 956 397 766 735 630 656 587 222 469 294 758 165 215 742 849 691 759 777 894 521 575 258 261 869 699 607 545 570 515 722 756 748 728 781
503 1016 666 149 238 298 396 1002 636 837 554 572 223 1158 637 896 1032 766 717 2147483647 658 1256 741 814 658 355 1033 952 1382 345 648 728 909 402 1155 820 940 345 573 839 881 489 487 1147 875 684 770 486 1055 1204 898 765 1081 856 860 1262 913 710 1172 1066 1050 1194 613 832 799 669 894 825 460 707 532 996 403 453 980 1087 929 997 1005 1132 619 696 156 321 1097 927 806 783 808 753 960 994 986 966 1019
277 759 321 247 201 396 82 745 424 563 342 244 226 808 254 525 661 421 334 2147483647 401 895 345 443 432 41 696 615 993 133 396 461 580 190 794 430 551 133 347 550 531 144 91 758 538 356 442 137 666 854 641 508 731 630 603 873 687 378 915 747 700 875 217 565 534 457 668 599 207 481 275 646 192 242 661 750 610 678 622 813 320 374 290 123 714 544 423 557 489 527 641 675 667 647 700
505 112 429 853 764 1002 745 208 1007 187 963 781 971 456 689 731 757 440 674 2147483647 344 730 563 743 398 749 348 371 865 878 919 948 880 935 629 522 511 657 441 985 452 601 659 690 389 805 877 751 601 518 104 237 555 229 144 745 286 372 268 247 462 301 533 1052 1021 1078 379 389 542 349 470 501 628 592 307 328 256 324 694 239 857 865 1022 868 735 616 644 298 261 393 287 319 313 293 294
649 1008 578 508 597 636 424 1007 164 820 82 240 413 899 332 414 546 611 333 2147483647 773 900 486 332 804 444 831 750 925 291 88 168 363 234 799 544 634 536 719 279 645 516 439 690 708 202 224 347 676 896 903 880 755 1002 973 805 1059 635 1088 908 791 1036 474 272 239 139 1040 971 579 853 647 736 595 645 858 885 841 828 529 974 164 142 480 336 621 529 422 929 746 899 820 844 865 853 861
340 201 242 688 599 837 563 187 820 148 776 594 789 419 502 560 593 253 487 2147483647 179 627 376 556 266 584 278 239 762 696 732 761 693 753 526 335 349 492 276 798 290 419 472 556 227 618 690 564 464 481 83 105 452 238 153 642 295 185 357 261 359 389 346 865 834 891 358 316 377 217 305 369 463 427 175 332 124 192 530 327 670 678 853 686 598 452 457 225 74 288 155 189 181 161 214
591 977 534 426 515 554 342 963 82 776 164 182 331 905 274 420 552 617 339 2147483647 715 906 492 338 746 362 837 756 931 209 94 174 369 152 805 550 640 454 661 285 651 458 381 696 714 208 230 289 682 902 859 822 761 944 917 811 1001 591 1094 914 797 1042 430 278 245 115 982 913 521 795 589 742 513 563 864 891 823 834 535 980 106 148 398 254 627 535 428 871 702 841 826 850 871 859 867
409 795 352 444 445 572 244 781 240 594 182 152 349 752 92 324 460 450 172 2147483647 533 758 325 242 564 285 670 589 835 227 152 217 337 173 657 383 487 377 479 306 484 276 199 600 547 112 198 107 529 749 677 640 608 762 735 715 819 409 927 747 644 875 248 321 290 297 800 731 339 613 407 589 436 486 692 724 641 667 439 813 76 130 416 272 531 382 261 689 520 659 659 683 698 678 700
482 985 547 236 325 223 226 971 413 789 331 349 134 1034 414 673 809 647 494 2147483647 627 1080 571 591 637 232 922 841 1178 122 425 505 686 179 979 656 777 324 552 616 757 370 317 943 764 461 547 263 851 1071 867 734 930 835 829 1058 892 604 1141 973 926 1101 443 609 576 446 873 804 433 686 501 872 383 433 887 976 836 904 782 1039 396 473 67 103 874 704 583 762 715 732 867 901 893 873 926
663 344 492 1009 920 1158 808 456 899 419 905 752 1034 124 660 485 462 392 580 2147483647 566 309 463 567 685 849 141 222 444 941 811 772 645 925 208 378 265 813 663 773 277 669 717 317 299 697 701 809 263 62 447 524 201 602 517 324 659 460 362 209 108 310 591 865 845 1020 752 735 700 636 628 163 786 775 257 128 295 227 419 248 828 757 1098 931 386 370 491 644 416 707 264 243 261 271 226
373 703 260 501 455 637 254 689 332 502 274 92 414 660 160 271 407 358 80 2147483647 497 666 233 189 528 295 578 497 764 292 244 284 326 265 565 291 395 384 443 331 392 240 163 529 455 137 223 151 437 657 585 604 516 726 655 644 783 317 835 655 552 783 156 388 357 389 764 695 303 577 371 497 443 485 600 632 549 575 368 721 168 197 481 337 460 290 169 653 428 623 567 591 606 586 608
490 642 319 768 710 896 525 731 414 560 420 324 673 485 271 164 136 307 191 2147483647 555 486 185 82 624 566 465 384 511 551 326 287 219 497 385 225 220 603 539 324 279 459 434 276 342 212 216 422 262 482 627 662 341 782 697 391 839 375 722 542 377 670 313 391 360 535 860 791 522 663 455 322 613 602 492 519 475 462 115 608 349 272 740 596 207 115 103 739 486 719 454 478 499 487 495
583 668 412 904 840 1032 661 757 546 593 552 460 809 462 407 136 126 340 327 2147483647 588 355 321 218 717 702 479 410 380 687 458 393 183 633 254 258 246 733 632 311 305 589 570 145 368 348 322 558 210 400 653 695 280 808 723 260 865 408 748 568 365 696 449 403 446 667 905 839 620 696 548 310 706 695 518 533 501 488 63 634 481 404 876 732 76 141 239 772 519 767 480 504 525 513 521
271 417 100 617 528 766 421 440 611 253 617 450 647 392 358 307 340 136 278 2147483647 248 490 125 303 405 462 275 194 616 554 523 508 440 611 389 82 174 421 320 545 115 277 330 381 117 409 437 422 289 438 336 355 315 491 406 496 548 68 526 346 284 474 204 612 581 732 565 499 308 356 236 230 394 383 276 329 250 266 277 412 526 469 711 544 369 199 204 432 179 427 229 276 282 262 299
416 675 245 581 535 717 334 674 333 487 339 172 494 580 80 191 327 278 160 2147483647 482 586 153 109 550 375 498 417 684 372 245 278 246 345 485 211 315 431 465 325 312 287 243 449 375 131 217 231 357 577 570 589 436 725 640 564 782 302 755 575 472 703 141 382 351 454 786 717 350 590 381 417 490 528 525 552 508 495 288 641 248 191 561 417 380 210 89 666 413 645 487 511 532 520 528
2147483647 2147483647 2147483647 2147483647 2147483647 2147483647 2147483647 2147483647 2147483647 2147483647 2147483647 2147483647 2147483647 2147483647 2147483647 2147483647 2147483647 2147483647 2147483647 2147483647 2147483647 2147483647 2147483647 2147483647 2147483647 2147483647 2147483647 2147483647 2147483647 2147483647 2147483647 2147483647 2147483647 2147483647 2147483647 2147483647 2147483647 2147483647 2147483647 2147483647 2147483647 2147483647 2147483647 2147483647 2147483647 2147483647 2147483647 2147483647 2147483647 2147483647 2147483647 2147483647 2147483647 2147483647 2147483647 2147483647 2147483647 2147483647 2147483647 2147483647 2147483647 2147483647 2147483647 2147483647 2147483647 2147483647 2147483647 2147483647 2147483647 2147483647 2147483647 2147483647 2147483647 2147483647 2147483647 2147483647 2147483647 2147483647 2147483647 2147483647 2147483647 2147483647 2147483647 2147483647 2147483647 2147483647 2147483647 2147483647 2147483647 2147483647 2147483647 2147483647 2147483647 2147483647 2147483647
161 358 237 509 420 658 401 344 773 179 715 533 627 566 497 555 588 248 482 2147483647 194 738 371 551 157 405 425 380 864 534 685 750 688 591 637 330 422 313 97 793 363 257 334 629 303 613 685 426 537 628 240 107 563 257 202 744 314 180 514 408 500 536 341 854 823 830 317 251 198 108 126 478 284 248 322 479 271 339 525 474 609 663 678 524 617 447 452 184 150 179 302 336 328 308 361
761 618 590 1107 1018 1256 895 730 900 627 906 758 1080 309 666 486 355 490 586 2147483647 738 202 550 568 893 936 382 388 143 958 812 748 538 931 101 465 344 911 810 666 375 767 804 210 438 698 677 817 229 247 655 732 175 810 725 118 867 558 663 483 268 611 678 758 801 1021 960 943 798 844 726 260 884 873 496 436 503 466 371 549 834 758 1147 1003 279 376 497 852 591 915 472 482 502 505 467
305 542 134 592 525 741 345 563 486 376 492 325 571 463 233 185 321 125 153 2147483647 371 550 164 181 439 386 372 291 648 478 398 386 318 498 449 85 206 418 354 423 186 274 254 413 242 284 315 346 321 509 459 478 386 614 529 528 671 191 629 449 355 577 128 490 459 607 675 606 337 479 270 301 428 417 399 426 375 369 280 515 401 344 635 468 372 202 82 555 302 534 354 385 406 387 402
486 685 315 686 644 814 443 743 332 556 338 242 591 567 189 82 218 303 109 2147483647 551 568 181 164 620 484 508 427 593 469 244 205 137 415 467 221 302 540 535 242 322 396 352 358 385 130 134 340 344 564 639 658 423 794 709 473 851 371 765 585 459 713 250 309 278 453 856 787 459 659 451 404 599 598 535 562 518 505 197 651 267 190 658 514 289 197 99 735 482 715 497 521 542 530 538
155 412 305 509 420 658 432 398 804 266 746 564 637 685 528 624 717 405 550 2147483647 157 893 439 620 98 405 544 505 1021 558 716 781 757 615 792 459 579 313 85 859 520 288 365 786 460 665 751 457 694 747 294 161 718 198 256 901 255 337 568 527 625 601 409 885 854 861 236 167 225 49 169 635 278 236 441 598 390 458 654 539 640 694 678 534 746 576 521 125 307 95 421 455 447 427 480
250 763 362 206 160 355 41 749 444 584 362 285 232 849 295 566 702 462 375 2147483647 405 936 386 484 405 82 737 656 1034 153 437 502 621 210 835 471 592 92 320 591 572 185 132 799 579 397 483 178 707 895 645 512 772 603 607 914 660 419 919 788 741 916 258 606 575 477 641 572 207 454 279 687 151 201 702 791 651 719 663 854 361 415 296 129 755 585 464 530 530 500 682 716 708 688 741
536 236 375 884 795 1033 696 348 831 278 837 670 922 141 578 465 479 275 498 2147483647 425 382 372 508 544 737 108 81 517 829 743 713 645 843 281 287 245 688 522 750 186 552 605 342 158 629 642 697 269 203 306 383 207 461 376 397 518 323 281 101 114 229 479 817 786 952 611 594 573 495 501 169 659 648 116 54 154 86 425 167 746 689 986 819 403 350 409 503 275 566 123 102 120 130 85
455 282 294 803 714 952 615 371 750 239 756 589 841 222 497 384 410 194 417 2147483647 380 388 291 427 505 656 81 154 523 748 662 632 564 762 287 206 164 607 477 669 105 471 524 322 77 548 561 616 230 274 267 344 213 422 337 403 479 242 338 158 120 286 398 736 705 871 572 555 492 456 420 130 578 567 108 135 115 78 347 224 665 608 905 738 364 269 328 464 230 527 84 94 115 117 111
887 753 716 1233 1144 1382 993 865 925 762 931 835 1178 444 764 511 380 616 684 2147483647 864 143 648 593 1021 1034 517 523 240 1056 837 773 563 1008 236 563 442 1037 936 691 501 893 902 235 564 723 702 915 327 382 790 867 310 945 860 120 1002 684 798 618 403 746 776 783 826 1046 1095 1078 924 972 852 395 1010 999 631 571 638 601 396 684 860 783 1245 1101 304 474 595 987 717 1043 607 617 637 640 602
403 892 454 217 306 345 133 878 291 696 209 227 122 941 292 551 687 554 372 2147483647 534 958 478 469 558 153 829 748 1056 90 303 383 564 57 857 563 684 245 473 494 664 277 224 821 671 339 425 141 729 949 774 641 808 756 736 936 813 511 1048 880 833 1008 350 487 454 324 794 725 340 607 408 779 304 354 794 883 743 811 660 946 274 351 189 45 752 582 461 683 622 653 774 808 800 780 833
561 920 490 520 597 648 396 919 88 732 94 152 425 811 244 326 458 523 245 2147483647 685 812 398 244 716 437 743 662 837 303 108 80 275 246 711 456 546 529 631 191 557 428 351 602 620 114 136 259 588 808 815 792 667 914 885 717 971 547 1000 820 703 948 386 184 151 209 952 883 491 765 559 648 588 638 770 797 753 740 441 886 76 54 492 348 533 441 334 841 658 811 732 756 777 765 773
626 890 520 600 662 728 461 948 168 761 174 217 505 772 284 287 393 508 278 2147483647 750 748 386 205 781 502 713 632 773 383 80 142 210 326 647 426 507 594 696 111 527 493 416 538 590 147 71 324 549 769 844 857 628 979 914 653 1036 576 970 790 664 918 419 104 73 289 1017 948 556 830 624 609 653 703 740 767 723 710 402 856 156 87 572 428 469 402 304 906 687 876 702 726 747 735 743
623 822 452 781 781 909 580 880 363 693 369 337 686 645 326 219 183 440 246 2147483647 688 538 318 137 757 621 645 564 563 564 275 210 256 510 437 358 429 677 672 128 459 533 489 328 522 225 139 444 393 583 776 795 463 931 846 443 988 508 902 722 548 850 387 220 263 484 993 924 596 796 588 493 736 735 672 699 655 642 246 788 298 221 753 609 259 324 236 872 619 852 634 658 679 667 675
460 949 511 274 363 402 190 935 234 753 152 173 179 925 265 497 633 611 345 2147483647 591 931 498 415 615 210 843 762 1008 57 246 326 510 114 830 556 660 302 530 437 657 334 281 773 720 285 371 198 702 922 831 698 781 813 793 888 870 568 1100 920 817 1048 407 430 397 267 851 782 397 664 465 762 361 411 851 897 800 840 612 986 217 294 246 102 704 555 434 740 679 710 831 856 857 837 873
660 517 489 1006 917 1155 794 629 799 526 805 657 979 208 565 385 254 389 485 2147483647 637 101 449 467 792 835 281 287 236 857 711 647 437 830 148 364 243 810 709 565 274 666 703 109 337 597 576 716 128 146 554 631 74 709 624 116 766 457 562 382 167 510 577 657 700 920 859 842 697 743 625 159 783 772 395 335 402 365 270 448 733 657 1046 902 178 275 396 751 490 814 371 381 401 404 366
325 464 154 671 582 820 430 522 544 335 550 383 656 378 291 225 258 82 211 2147483647 330 465 85 221 459 471 287 206 563 563 456 426 358 556 364 164 121 475 374 463 101 331 339 328 164 342 355 431 236 424 418 437 301 573 488 443 630 150 544 364 270 492 213 530 499 665 647 581 362 438 290 216 448 437 314 341 297 284 195 430 459 402 720 553 287 117 122 514 261 509 276 300 321 309 317
445 422 274 791 702 940 551 511 634 349 640 487 777 265 395 220 246 174 315 2147483647 422 344 206 302 579 592 245 164 442 684 546 507 429 660 243 121 118 595 494 544 59 451 460 207 122 432 436 546 115 311 407 454 187 562 477 322 619 242 502 322 157 450 334 611 580 755 707 665 482 530 410 102 568 557 272 299 255 242 183 388 563 492 841 674 249 105 226 574 275 601 234 258 279 267 275
158 671 321 196 107 345 133 657 536 492 454 377 324 813 384 603 733 421 431 2147483647 313 911 418 540 313 92 688 607 1037 245 529 594 677 302 810 475 595 118 228 683 536 144 221 802 530 489 575 270 710 859 553 420 736 511 515 917 568 365 827 721 705 849 290 698 667 569 549 480 115 362 187 651 59 109 635 742 584 652 670 787 453 507 365 221 762 592 500 438 463 408 615 649 641 621 674
70 455 220 424 335 573 347 441 719 276 661 479 552 663 443 539 632 320 465 2147483647 97 810 354 535 85 320 522 477 936 473 631 696 672 530 709 374 494 228 140 774 435 203 280 701 400 580 666 372 609 725 337 204 635 283 299 816 340 262 611 505 597 633 324 800 769 776 321 252 140 134 84 550 193 151 419 576 368 436 569 571 555 609 593 449 661 491 436 210 247 180 399 433 425 405 458
704 927 557 711 751 839 550 985 279 798 285 306 616 773 331 324 311 545 325 2147483647 793 666 423 242 859 591 750 669 691 494 191 111 128 437 565 463 544 683 774 184 564 571 494 456 627 194 108 413 521 711 881 900 591 1036 951 571 1093 613 1007 827 676 955 466 92 135 400 1095 1026 634 901 693 621 742 792 777 804 760 747 374 893 267 190 683 539 387 439 341 977 724 954 739 763 784 772 780
386 363 215 732 643 881 531 452 645 290 651 484 757 277 392 279 305 115 312 2147483647 363 375 186 322 520 572 186 105 501 664 557 527 459 657 274 101 59 536 435 564 118 392 440 266 63 443 456 532 174 323 348 395 200 503 418 381 560 183 443 263 169 391 314 631 600 766 648 606 423 471 351 115 509 498 213 240 196 183 242 329 560 503 821 654 308 164 223 515 216 542 175 199 220 208 216
133 615 177 340 251 489 144 601 516 419 458 276 370 669 240 459 589 277 287 2147483647 257 767 274 396 288 185 552 471 893 277 428 493 533 334 666 331 451 144 203 571 392 126 77 658 394 377 463 169 566 715 497 364 592 486 459 773 543 234 771 603 561 731 146 597 566 573 524 455 63 337 131 507 203 245 517 606 466 534 526 669 352 406 434 267 618 448 356 413 345 383 497 531 523 503 556
210 673 230 338 292 487 91 659 439 472 381 199 317 717 163 434 570 330 243 2147483647 334 804 254 352 365 132 605 524 902 224 351 416 489 281 703 339 460 221 280 494 440 77 154 667 447 300 386 92 575 763 555 441 640 563 536 782 620 287 829 656 609 784 126 520 489 496 601 532 140 414 208 555 280 322 570 659 519 587 531 722 275 329 381 214 623 453 332 490 398 460 550 584 576 556 609
652 578 481 998 909 1147 758 690 690 556 696 600 943 317 529 276 145 381 449 2147483647 629 210 413 358 786 799 342 322 235 821 602 538 328 773 109 328 207 802 701 456 266 658 667 138 329 488 467 680 92 255 589 661 135 744 659 115 801 449 623 443 228 571 541 548 591 811 894 872 689 737 617 192 775 764 430 396 437 400 161 509 625 548 1010 866 69 239 360 781 482 808 406 416 437 439 427
378 300 217 726 637 875 538 389 708 227 714 547 764 299 455 342 368 117 375 2147483647 303 438 242 385 460 579 158 77 564 671 620 590 522 720 337 164 122 530 400 627 63 394 447 329 126 506 519 539 237 351 285 332 263 440 355 444 497 165 409 229 197 357 321 694 663 829 585 543 415 411 343 178 501 490 159 212 133 149 305 295 623 566 828 661 371 227 286 452 153 482 112 159 165 145 182
510 806 376 556 557 684 356 805 202 618 208 112 461 697 137 212 348 409 131 2147483647 613 698 284 130 665 397 629 548 723 339 114 147 225 285 597 342 432 489 580 194 443 377 300 488 506 120 86 219 474 694 701 720 553 856 771 603 913 433 886 706 589 834 272 251 220 323 901 832 440 714 508 534 548 598 656 683 639 626 327 772 137 60 528 384 419 327 220 790 544 760 618 642 663 651 659
596 819 449 642 643 770 442 877 224 690 230 198 547 701 223 216 322 437 217 2147483647 685 677 315 134 751 483 642 561 702 425 136 71 139 371 576 355 436 575 666 108 456 463 386 467 519 86 142 305 478 698 773 792 557 928 843 582 985 505 899 719 593 847 358 175 144 345 987 918 526 793 585 538 634 684 669 696 652 639 331 785 159 82 614 470 398 331 233 869 616 846 631 655 676 664 672
302 765 322 358 338 486 137 751 347 564 289 107 263 809 151 422 558 422 231 2147483647 426 817 346 340 457 178 697 616 915 141 259 324 444 198 716 431 546 270 372 413 532 169 92 680 539 219 305 184 588 808 647 533 667 655 628 795 712 379 921 748 701 876 218 428 397 404 693 624 232 506 300 647 329 379 662 751 611 679 519 814 183 237 330 186 611 441 320 582 490 552 642 676 668 648 701
560 505 389 906 817 1055 666 601 676 464 682 529 851 263 437 262 210 289 357 2147483647 537 229 321 344 694 707 269 230 327 729 588 549 393 702 128 236 115 710 609 521 174 566 575 92 237 474 478 588 158 220 497 569 79 652 567 207 709 357 550 370 155 498 449 613 622 797 802 780 597 645 525 100 683 672 338 323 345 308 156 436 605 534 918 774 134 147 268 689 390 716 314 324 345 347 341
709 406 538 1055 966 1204 854 518 896 481 902 749 1071 62 657 482 400 438 577 2147483647 628 247 509 564 747 895 203 274 382 949 808 769 583 922 146 424 311 859 725 711 323 715 763 255 351 694 698 808 220 124 509 586 141 664 579 262 721 506 424 271 154 372 637 803 842 1017 814 797 746 698 674 209 832 821 319 190 357 289 376 310 825 754 1138 977 324 367 488 706 478 769 326 305 323 333 288
401 118 325 749 660 898 641 104 903 83 859 677 867 447 585 627 653 336 570 2147483647 240 655 459 639 294 645 306 267 790 774 815 844 776 831 554 418 407 553 337 881 348 497 555 589 285 701 773 647 497 509 140 133 480 155 70 670 212 268 274 253 387 307 429 948 917 974 305 315 438 245 366 397 524 488 203 334 152 220 590 245 753 761 918 764 631 512 540 224 157 316 183 217 209 189 242
268 251 344 616 527 765 508 237 880 105 822 640 734 524 604 662 695 355 589 2147483647 107 732 478 658 161 512 383 344 867 641 792 857 795 698 631 437 454 420 204 900 395 364 441 661 332 720 792 533 569 586 133 190 557 180 95 747 237 287 407 366 464 440 448 961 930 937 253 211 305 112 233 474 391 355 280 437 229 297 632 378 716 770 785 631 703 554 559 120 179 183 260 294 286 266 319
586 443 415 932 843 1081 731 555 755 452 761 608 930 201 516 341 280 315 436 2147483647 563 175 386 423 718 772 207 213 310 808 667 628 463 781 74 301 187 736 635 591 200 592 640 135 263 553 557 667 79 141 480 557 148 635 550 190 692 383 488 308 93 436 514 683 701 876 785 768 623 669 551 85 709 698 321 261 328 291 235 374 684 613 997 853 204 226 347 677 416 740 297 307 327 330 292
353 273 480 707 618 856 630 229 1002 238 944 762 835 602 726 782 808 491 725 2147483647 257 810 614 794 198 603 461 422 945 756 914 979 931 813 709 573 562 511 283 1036 503 486 563 744 440 856 928 655 652 664 155 180 635 114 85 825 57 423 429 408 542 462 584 1083 1052 1059 150 164 423 149 367 552 476 434 358 489 307 375 745 400 838 892 876 732 786 667 695 73 312 168 338 372 364 344 397
363 188 395 711 622 860 603 144 973 153 917 735 829 517 655 697 723 406 640 2147483647 202 725 529 709 256 607 376 337 860 736 885 914 846 793 624 488 477 515 299 951 418 459 536 659 355 771 843 628 567 579 70 95 550 85 140 740 142 338 344 323 457 377 499 1018 987 1032 235 245 400 207 328 467 486 450 273 404 222 290 660 315 811 831 880 726 701 582 610 154 227 249 253 287 279 259 312
767 633 596 1113 1024 1262 873 745 805 642 811 715 1058 324 644 391 260 496 564 2147483647 744 118 528 473 901 914 397 403 120 936 717 653 443 888 116 443 322 917 816 571 381 773 782 115 444 603 582 795 207 262 670 747 190 825 740 230 882 564 678 498 283 626 656 663 706 926 975 958 804 852 732 275 890 879 511 451 518 481 276 564 740 663 1125 981 184 354 475 867 597 923 487 497 517 520 482
410 330 537 764 675 913 687 286 1059 295 1001 819 892 659 783 839 865 548 782 2147483647 314 867 671 851 255 660 518 479 1002 813 971 1036 988 870 766 630 619 568 340 1093 560 543 620 801 497 913 985 712 709 721 212 237 692 57 142 882 114 480 486 465 599 519 641 1140 1109 1116 166 221 480 206 424 609 533 491 415 546 364 432 802 457 895 949 933 789 843 724 752 130 369 225 395 429 421 401 454
213 386 57 561 472 710 378 372 635 185 591 409 604 460 317 375 408 68 302 2147483647 180 558 191 371 337 419 323 242 684 511 547 576 508 568 457 150 242 365 262 613 183 234 287 449 165 433 505 379 357 506 268 287 383 423 338 564 480 114 542 369 352 497 161 680 649 706 497 431 250 288 178 298 336 325 283 377 232 300 345 435 485 493 668 501 437 267 272 364 111 359 263 297 289 269 322
675 156 599 1023 934 1172 915 268 1088 357 1094 927 1141 362 835 722 748 526 755 2147483647 514 663 629 765 568 919 281 338 798 1048 1000 970 902 1100 562 544 502 827 611 1007 443 771 829 623 409 886 899 921 550 424 274 407 488 429 344 678 486 542 106 180 395 53 703 1074 1043 1209 579 589 712 519 640 450 798 762 266 234 317 260 685 114 1003 946 1192 1038 684 607 666 498 431 590 297 252 262 280 227
569 135 426 917 828 1066 747 247 908 261 914 747 973 209 655 542 568 346 575 2147483647 408 483 449 585 527 788 101 158 618 880 820 790 722 920 382 364 322 721 505 827 263 603 656 443 229 706 719 748 370 271 253 366 308 408 323 498 465 369 180 94 215 128 530 894 863 1029 558 568 606 478 534 270 692 656 86 81 137 80 505 66 823 766 1037 870 504 427 486 477 258 549 117 72 82 100 47
555 350 384 901 812 1050 700 462 791 359 797 644 926 108 552 377 365 284 472 2147483647 500 268 355 459 625 741 114 120 403 833 703 664 548 817 167 270 157 705 597 676 169 561 609 228 197 589 593 701 155 154 387 464 93 542 457 283 599 352 395 215 110 343 483 768 737 912 692 675 592 576 520 55 678 667 228 168 235 198 311 281 720 649 990 823 289 262 383 584 350 647 204 214 234 237 199
697 189 554 1045 956 1194 875 301 1036 389 1042 875 1101 310 783 670 696 474 703 2147483647 536 611 577 713 601 916 229 286 746 1008 948 918 850 1048 510 492 450 849 633 955 391 731 784 571 357 834 847 876 498 372 307 440 436 462 377 626 519 497 53 128 343 106 658 1022 991 1157 612 622 734 552 662 398 820 784 214 182 265 208 633 62 951 894 1165 998 632 555 614 531 386 623 245 200 210 228 175
275 547 104 464 397 613 217 533 474 346 430 248 443 591 156 313 449 204 141 2147483647 341 678 128 250 409 258 479 398 776 350 386 419 387 407 577 213 334 290 324 466 314 146 126 541 321 272 358 218 449 637 429 448 514 584 499 656 641 161 703 530 483 658 208 523 492 545 645 576 209 449 240 429 349 387 444 533 393 461 408 596 324 332 507 340 500 330 210 525 272 504 424 458 450 430 483
730 994 624 704 766 832 565 1052 272 865 278 321 609 865 388 391 403 612 382 2147483647 854 758 490 309 885 606 817 736 783 487 184 104 220 430 657 530 611 698 800 92 631 597 520 548 694 251 175 428 613 803 948 961 683 1083 1018 663 1140 680 1074 894 768 1022 523 86 43 393 1121 1052 660 934 728 713 757 807 844 871 827 814 466 960 260 191 676 532 479 506 408 1010 791 980 806 830 851 839 847
699 963 593 671 735 799 534 1021 239 834 245 290 576 845 357 360 446 581 351 2147483647 823 801 459 278 854 575 786 705 826 454 151 73 263 397 700 499 580 667 769 135 600 566 489 591 663 220 144 397 622 842 917 930 701 1052 987 706 1109 649 1043 863 737 991 492 43 86 360 1090 1021 629 903 697 682 726 776 813 840 796 783 475 929 227 160 643 499 522 475 377 979 760 949 775 799 820 808 816
706 1092 649 541 630 669 457 1078 139 891 115 297 446 1020 389 535 667 732 454 2147483647 830 1021 607 453 861 477 952 871 1046 324 209 289 484 267 920 665 755 569 776 400 766 573 496 811 829 323 345 404 797 1017 974 937 876 1059 1032 926 1116 706 1209 1029 912 1157 545 393 360 230 1097 1028 636 910 704 857 628 678 979 1006 938 949 650 1095 221 263 513 369 742 650 543 986 817 956 941 965 986 974 982
391 423 541 745 656 894 668 379 1040 358 982 800 873 752 764 860 905 565 786 2147483647 317 960 675 856 236 641 611 572 1095 794 952 1017 993 851 859 647 707 549 321 1095 648 524 601 894 585 901 987 693 802 814 305 253 785 150 235 975 166 497 579 558 692 612 645 1121 1090 1097 138 69 461 209 405 702 514 472 508 639 457 525 842 550 876 930 914 770 934 764 757 133 432 141 488 522 514 494 547
322 433 472 676 587 825 599 389 971 316 913 731 804 735 695 791 839 499 717 2147483647 251 943 606 787 167 572 594 555 1078 725 883 948 924 782 842 581 665 480 252 1026 606 455 532 872 543 832 918 624 780 797 315 211 768 164 245 958 221 431 589 568 675 622 576 1052 1021 1028 69 138 392 143 336 685 445 403 491 648 440 508 776 560 807 861 845 701 868 698 688 91 390 72 471 505 497 477 530
70 556 208 311 222 460 207 542 579 377 521 339 433 700 303 522 620 308 350 2147483647 198 798 337 459 225 207 573 492 924 340 491 556 596 397 697 362 482 115 140 634 423 63 140 689 415 440 526 232 597 746 438 305 623 423 400 804 480 250 712 606 592 734 209 660 629 636 461 392 126 274 72 538 174 182 520 627 469 537 557 672 415 469 480 330 649 479 419 350 348 320 500 534 526 506 559
204 363 345 558 469 707 481 349 853 217 795 613 686 636 577 663 696 356 590 2147483647 108 844 479 659 49 454 495 456 972 607 765 830 796 664 743 438 530 362 134 901 471 337 414 737 411 714 793 506 645 698 245 112 669 149 207 852 206 288 519 478 576 552 449 934 903 910 209 143 274 98 218 586 327 285 392 549 341 409 633 490 689 743 727 583 725 555 560 76 258 71 372 406 398 378 431
35 484 136 383 294 532 275 470 647 305 589 407 501 628 371 455 548 236 381 2147483647 126 726 270 451 169 279 501 420 852 408 559 624 588 465 625 290 410 187 84 693 351 131 208 617 343 508 585 300 525 674 366 233 551 367 328 732 424 178 640 534 520 662 240 728 697 704 405 336 72 218 70 466 158 147 448 555 397 465 485 600 483 537 552 398 577 407 352 294 276 264 428 462 454 434 487
501 405 330 847 758 996 646 501 736 369 742 589 872 163 497 322 310 230 417 2147483647 478 260 301 404 635 687 169 130 395 779 648 609 493 762 159 216 102 651 550 621 115 507 555 192 178 534 538 647 100 209 397 474 85 552 467 275 609 298 450 270 55 398 429 713 682 857 702 685 538 586 466 110 624 613 238 223 245 208 256 336 665 594 936 769 234 207 328 594 331 657 214 224 245 247 241
123 642 294 254 165 403 192 628 595 463 513 436 383 786 443 613 706 394 490 2147483647 284 884 428 599 278 151 659 578 1010 304 588 653 736 361 783 448 568 59 193 742 509 203 280 775 501 548 634 329 683 832 524 391 709 476 486 890 533 336 798 692 678 820 349 757 726 628 514 445 174 327 158 624 100 50 606 713 555 623 643 758 512 566 423 280 735 565 510 403 434 373 586 620 612 592 645
112 606 283 304 215 453 242 592 645 427 563 486 433 775 485 602 695 383 528 2147483647 248 873 417 598 236 201 648 567 999 354 638 703 735 411 772 437 557 109 151 792 498 245 322 764 490 598 684 379 672 821 488 355 698 434 450 879 491 325 762 656 667 784 387 807 776 678 472 403 182 285 147 613 50 100 570 702 519 587 632 722 562 616 473 330 724 554 499 361 398 331 550 584 576 556 609
483 218 340 831 742 980 661 307 858 175 864 692 887 257 600 492 518 276 525 2147483647 322 496 399 535 441 702 116 108 631 794 770 740 672 851 395 314 272 635 419 777 213 517 570 430 159 656 669 662 338 319 203 280 321 358 273 511 415 283 266 86 228 214 444 844 813 979 508 491 520 392 448 238 606 570 22 167 51 30 455 152 768 716 951 784 472 377 436 400 172 463 47 14 11 14 39
590 216 429 938 849 1087 750 328 885 332 891 724 976 128 632 519 533 329 552 2147483647 479 436 426 562 598 791 54 135 571 883 797 767 699 897 335 341 299 742 576 804 240 606 659 396 212 683 696 751 323 190 334 437 261 489 404 451 546 377 234 81 168 182 533 871 840 1006 639 648 627 549 555 223 713 702 167 108 208 140 479 120 800 743 1040 873 457 404 463 557 329 620 177 153 163 181 128
432 167 289 780 691 929 610 256 841 124 823 641 836 295 549 475 501 250 508 2147483647 271 503 375 518 390 651 154 115 638 743 753 723 655 800 402 297 255 584 368 760 196 466 519 437 133 639 652 611 345 357 152 229 328 307 222 518 364 232 317 137 235 265 393 827 796 938 457 440 469 341 397 245 555 519 51 208 62 68 438 203 717 699 900 733 479 360 419 349 121 412 31 65 57 37 90
500 215 357 848 759 997 678 324 828 192 834 667 904 227 575 462 488 266 495 2147483647 339 466 369 505 458 719 86 78 601 811 740 710 642 840 365 284 242 652 436 747 183 534 587 400 149 626 639 679 308 289 220 297 291 375 290 481 432 300 260 80 198 208 461 814 783 949 525 508 537 409 465 208 623 587 30 140 68 32 425 146 743 686 968 801 442 347 406 417 189 480 37 16 37 44 33
520 605 349 866 777 1005 622 694 529 530 535 439 782 419 368 115 63 277 288 2147483647 525 371 280 197 654 663 425 347 396 660 441 402 246 612 270 195 183 670 569 374 242 526 531 161 305 327 331 519 156 376 590 632 235 745 660 276 802 345 685 505 311 633 408 466 475 650 842 776 557 633 485 256 643 632 455 479 438 425 126 571 464 387 849 705 92 78 199 709 456 704 417 441 462 450 458
635 127 492 983 894 1132 813 239 974 327 980 813 1039 248 721 608 634 412 641 2147483647 474 549 515 651 539 854 167 224 684 946 886 856 788 986 448 430 388 787 571 893 329 669 722 509 295 772 785 814 436 310 245 378 374 400 315 564 457 435 114 66 281 62 596 960 929 1095 550 560 672 490 600 336 758 722 152 120 203 146 571 124 889 832 1103 936 570 493 552 469 324 561 183 138 148 166 113
485 871 428 491 521 619 320 857 164 670 106 76 396 828 168 349 481 526 248 2147483647 609 834 401 267 640 361 746 665 860 274 76 156 298 217 733 459 563 453 555 267 560 352 275 625 623 137 159 183 605 825 753 716 684 838 811 740 895 485 1003 823 720 951 324 260 227 221 876 807 415 689 483 665 512 562 768 800 717 743 464 889 152 77 463 319 556 458 337 765 596 735 735 759 774 754 776
539 866 436 568 575 696 374 865 142 678 148 130 473 757 197 272 404 469 191 2147483647 663 758 344 190 694 415 689 608 783 351 54 87 221 294 657 402 492 507 609 190 503 406 329 548 566 60 82 237 534 754 761 770 613 892 831 663 949 493 946 766 649 894 332 191 160 263 930 861 469 743 537 594 566 616 716 743 699 686 387 832 77 108 540 396 479 387 280 819 604 789 678 702 723 711 719
523 1036 611 169 258 156 290 1022 480 853 398 416 67 1098 481 740 876 711 561 2147483647 678 1147 635 658 678 296 986 905 1245 189 492 572 753 246 1046 720 841 365 593 683 821 434 381 1010 828 528 614 330 918 1138 918 785 997 876 880 1125 933 668 1192 1037 990 1165 507 676 643 513 914 845 480 727 552 936 423 473 951 1040 900 968 849 1103 463 540 134 167 941 771 650 803 779 773 931 965 957 937 990
379 882 444 172 261 321 123 868 336 686 254 272 103 931 337 596 732 544 417 2147483647 524 1003 468 514 534 129 819 738 1101 45 348 428 609 102 902 553 674 221 449 539 654 267 214 866 661 384 470 186 774 977 764 631 853 732 726 981 789 501 1038 870 823 998 340 532 499 369 770 701 330 583 398 769 280 330 784 873 733 801 705 936 319 396 167 90 797 627 506 659 612 629 764 798 790 770 823
612 639 441 958 869 1097 714 735 621 598 627 531 874 386 460 207 76 369 380 2147483647 617 279 372 289 746 755 403 364 304 752 533 469 259 704 178 287 249 762 661 387 308 618 623 69 371 419 398 611 134 324 631 703 204 786 701 184 843 437 684 504 289 632 500 479 522 742 934 868 649 725 577 234 735 724 472 457 479 442 92 570 556 479 941 797 138 170 291 801 524 796 448 458 479 481 475
442 527 271 788 699 927 544 616 529 452 535 382 704 370 290 115 141 199 210 2147483647 447 376 202 197 576 585 350 269 474 582 441 402 324 555 275 117 105 592 491 439 164 448 453 239 227 327 331 441 147 367 512 554 226 667 582 354 724 267 607 427 262 555 330 506 475 650 764 698 479 555 407 207 565 554 377 404 360 347 78 493 458 387 771 627 170 156 121 631 378 626 339 363 384 372 380
387 586 216 670 607 806 423 644 422 457 428 261 583 491 169 103 239 204 89 2147483647 452 497 82 99 521 464 409 328 595 461 334 304 236 434 396 122 226 500 436 341 223 356 332 360 286 220 233 320 268 488 540 559 347 695 610 475 752 272 666 486 383 614 210 408 377 543 757 688 419 560 352 328 510 499 436 463 419 406 199 552 337 280 650 506 291 121 164 636 383 616 398 422 443 431 439
280 342 421 634 545 783 557 298 929 225 871 689 762 644 653 739 772 432 666 2147483647 184 852 555 735 125 530 503 464 987 683 841 906 872 740 751 514 574 438 210 977 515 413 490 781 452 790 869 582 689 706 224 120 677 73 154 867 130 364 498 477 584 531 525 1010 979 986 133 91 350 76 294 594 403 361 400 557 349 417 709 469 765 819 803 659 801 631 636 146 299 95 380 414 406 386 439
311 275 168 659 570 808 489 261 746 74 702 520 715 416 428 486 519 179 413 2147483647 150 591 302 482 307 530 275 230 717 622 658 687 619 679 490 261 275 463 247 724 216 345 398 482 153 544 616 490 390 478 157 179 416 312 227 597 369 111 431 258 350 386 272 791 760 817 432 390 348 258 276 331 434 398 172 329 121 189 456 324 596 604 779 612 524 378 383 299 148 329 152 186 178 158 211
250 434 400 604 515 753 527 393 899 288 841 659 732 707 623 719 767 427 645 2147483647 179 915 534 715 95 500 566 527 1043 653 811 876 852 710 814 509 601 408 180 954 542 383 460 808 482 760 846 552 716 769 316 183 740 168 249 923 225 359 590 549 647 623 504 980 949 956 141 72 320 71 264 657 373 331 463 620 412 480 704 561 735 789 773 629 796 626 616 95 329 142 443 477 469 449 502
463 198 320 811 722 960 641 287 820 155 826 659 867 264 567 454 480 229 487 2147483647 302 472 354 497 421 682 123 84 607 774 732 702 634 831 371 276 234 615 399 739 175 497 550 406 112 618 631 642 314 326 183 260 297 338 253 487 395 263 297 117 204 245 424 806 775 941 488 471 500 372 428 214 586 550 47 177 31 37 417 183 735 678 931 764 448 339 398 380 152 443 62 47 53 33 70
497 207 354 845 756 994 675 319 844 189 850 683 901 243 591 478 504 276 511 2147483647 336 482 385 521 455 716 102 94 617 808 756 726 658 856 381 300 258 649 433 763 199 531 584 416 159 642 655 676 324 305 217 294 307 372 287 497 429 297 252 72 214 200 458 830 799 965 522 505 534 406 462 224 620 584 14 153 65 16 441 138 759 702 965 798 458 363 422 414 186 477 47 28 21 28 25
489 217 346 837 748 986 667 313 865 181 871 698 893 261 606 499 525 282 532 2147483647 328 502 406 542 447 708 120 115 637 800 777 747 679 857 401 321 279 641 425 784 220 523 576 437 165 663 676 668 345 323 209 286 327 364 279 517 421 289 262 82 234 210 450 851 820 986 514 497 526 398 454 245 612 576 11 163 57 37 462 148 774 723 957 790 479 384 443 406 178 469 53 21 22 20 35
469 204 326 817 728 966 647 293 853 161 859 678 873 271 586 487 513 262 520 2147483647 308 505 387 530 427 688 130 117 640 780 765 735 667 837 404 309 267 621 405 772 208 503 556 439 145 651 664 648 347 333 189 266 330 344 259 520 401 269 280 100 237 228 430 839 808 974 494 477 506 378 434 247 592 556 14 181 37 44 450 166 754 711 937 770 481 372 431 386 158 449 33 28 20 28 53
522 182 379 870 781 1019 700 294 861 214 867 700 926 226 608 495 521 299 528 2147483647 361 467 402 538 480 741 85 111 602 833 773 743 675 873 366 317 275 674 458 780 216 556 609 427 182 659 672 701 341 288 242 319 292 397 312 482 454 322 227 47 199 175 483 847 816 982 547 530 559 431 487 241 645 609 39 128 90 33 458 113 776 719 990 823 475 380 439 439 211 502 70 25 35 53 50
